# Created by Octave 4.2.2, Wed Jun 06 18:59:43 2018 IST <chetan@localhost.localdomain>
# name: Theta1
# type: matrix
# rows: 1
# columns: 3
 1 0.8254692620446615 0.9441146954880152


